DNA strand dimensions
height = 36.7908006881388
error = 0.38344842561096293

length = 22.394628061935716
error = 0.20967388943293747
